0 0 100
0 10 95
0 20 100
0 30 100
0 40 100
0 50 100
0 60 100
0 70 100
0 80 100
0 90 94
0 100 87
0 110 68
0 120 49
0 130 39
0 140 30
0 150 24
10 0 94
10 10 94
10 20 97
10 30 100
10 40 100
10 50 100
10 60 100
10 70 99
10 80 95
10 90 89
10 100 91
10 110 67
10 120 51
10 130 35
10 140 29
10 150 9
20 0 95
20 10 95
20 20 97
20 30 100
20 40 100
20 50 100
20 60 100
20 70 99
20 80 97
20 90 89
20 100 80
20 110 65
20 120 50
20 130 35
20 140 29
20 150 23
30 0 97
30 10 94
30 20 95
30 30 100
30 40 100
30 50 100
30 60 100
30 70 100
30 80 97
30 90 84
30 100 92
30 110 66
30 120 57
30 130 14
30 140 14
30 150 23
40 0 94
40 10 95
40 20 100
40 30 100
40 40 100
40 50 100
40 60 100
40 70 100
40 80 94
40 90 86
40 100 70
40 110 60
40 120 48
40 130 35
40 140 8
40 150 100
50 0 93
50 10 94
50 20 97
50 30 100
50 40 100
50 50 100
50 60 100
50 70 100
50 80 98
50 90 83
50 100 81
50 110 57
50 120 54
50 130 13
50 140 27
50 150 10
60 0 99
60 10 98
60 20 100
60 30 100
60 40 100
60 50 100
60 60 100
60 70 100
60 80 88
60 90 71
60 100 62
60 110 61
60 120 55
60 130 33
60 140 11
60 150 11
70 0 100
70 10 93
70 20 95
70 30 97
70 40 99
70 50 100
70 60 100
70 70 74
70 80 64
70 90 49
70 100 46
70 110 46
70 120 62
70 130 19
70 140 19
70 150 21
80 0 97
80 10 94
80 20 100
80 30 91
80 40 100
80 50 100
80 60 77
80 70 46
80 80 11
80 90 11
80 100 27
80 110 9
80 120 29
80 130 27
80 140 8
80 150 20
90 0 95
90 10 92
90 20 93
90 30 95
90 40 92
90 50 87
90 60 61
90 70 35
90 80 9
90 90 23
90 100 23
90 110 8
90 120 25
90 130 25
90 140 8
90 150 21
100 0 93
100 10 92
100 20 93
100 30 95
100 40 91
100 50 76
100 60 59
100 70 40
100 80 32
100 90 8
100 100 16
100 110 28
100 120 11
100 130 12
100 140 22
100 150 9
110 0 90
110 10 91
110 20 100
110 30 93
110 40 94
110 50 77
110 60 68
110 70 60
110 80 52
110 90 51
110 100 48
110 110 44
110 120 39
110 130 8
110 140 100
110 150 16
120 0 100
120 10 91
120 20 91
120 30 93
120 40 97
120 50 94
120 60 88
120 70 75
120 80 52
120 90 44
120 100 46
120 110 44
120 120 44
120 130 44
120 140 31
120 150 20
130 0 94
130 10 92
130 20 93
130 30 93
130 40 98
130 50 97
130 60 88
130 70 57
130 80 16
130 90 100
130 100 12
130 110 20
130 120 36
130 130 45
130 140 72
130 150 22
140 0 95
140 10 90
140 20 88
140 30 100
140 40 100
140 50 97
140 60 88
140 70 100
140 80 15
140 90 16
140 100 16
140 110 16
140 120 39
140 130 51
140 140 46
140 150 23
150 0 88
150 10 92
150 20 100
150 30 100
150 40 100
150 50 100
150 60 100
150 70 98
150 80 78
150 90 62
150 100 58
150 110 56
150 120 47
150 130 10
150 140 28
150 150 21
160 0 92
160 10 100
160 20 100
160 30 100
160 40 100
160 50 100
160 60 97
160 70 98
160 80 100
160 90 100
160 100 86
160 110 64
160 120 39
160 130 8
160 140 21
160 150 19
170 0 97
170 10 93
170 20 93
170 30 95
170 40 99
170 50 100
170 60 100
170 70 99
170 80 94
170 90 91
170 100 90
170 110 50
170 120 10
170 130 18
170 140 17
170 150 9
180 0 93
180 10 98
180 20 100
180 30 100
180 40 100
180 50 100
180 60 100
180 70 100
180 80 100
180 90 88
180 100 74
180 110 38
180 120 9
180 130 16
180 140 16
180 150 8
190 0 95
190 10 95
190 20 97
190 30 100
190 40 100
190 50 98
190 60 97
190 70 100
190 80 86
190 90 73
190 100 58
190 110 30
190 120 19
190 130 17
190 140 18
190 150 8
200 0 93
200 10 95
200 20 100
200 30 100
200 40 100
200 50 97
200 60 87
200 70 77
200 80 71
200 90 63
200 100 60
200 110 16
200 120 21
200 130 12
200 140 12
200 150 18
210 0 94
210 10 95
210 20 97
210 30 100
210 40 94
210 50 95
210 60 76
210 70 62
210 80 59
210 90 53
210 100 40
210 110 8
210 120 22
210 130 8
210 140 21
210 150 15
220 0 93
220 10 95
220 20 97
220 30 100
220 40 98
220 50 86
220 60 73
220 70 63
220 80 61
220 90 82
220 100 70
220 110 28
220 120 14
220 130 14
220 140 21
220 150 11
230 0 95
230 10 97
230 20 95
230 30 97
230 40 95
230 50 88
230 60 74
230 70 66
230 80 62
230 90 59
230 100 47
230 110 37
230 120 31
230 130 8
230 140 20
230 150 17
240 0 89
240 10 97
240 20 100
240 30 97
240 40 90
240 50 74
240 60 72
240 70 84
240 80 88
240 90 83
240 100 74
240 110 71
240 120 18
240 130 20
240 140 12
240 150 0
250 0 93
250 10 98
250 20 100
250 30 100
250 40 100
250 50 91
250 60 68
250 70 59
250 80 63
250 90 55
250 100 31
250 110 21
250 120 11
250 130 20
250 140 9
250 150 14
260 0 93
260 10 95
260 20 100
260 30 100
260 40 100
260 50 89
260 60 80
260 70 85
260 80 84
260 90 53
260 100 58
260 110 57
260 120 35
260 130 10
260 140 20
260 150 17
270 0 100
270 10 97
270 20 100
270 30 100
270 40 92
270 50 79
270 60 54
270 70 55
270 80 54
270 90 46
270 100 47
270 110 45
270 120 45
270 130 10
270 140 26
270 150 20
280 0 93
280 10 98
280 20 99
280 30 97
280 40 95
280 50 84
280 60 67
280 70 59
280 80 52
280 90 49
280 100 50
280 110 51
280 120 48
280 130 10
280 140 23
280 150 23
290 0 93
290 10 99
290 20 100
290 30 100
290 40 100
290 50 98
290 60 87
290 70 77
290 80 71
290 90 73
290 100 70
290 110 63
290 120 52
290 130 42
290 140 8
290 150 8
300 0 94
300 10 97
300 20 100
300 30 98
300 40 100
300 50 100
300 60 100
300 70 100
300 80 100
300 90 100
300 100 93
300 110 76
300 120 62
300 130 44
300 140 8
300 150 8
310 0 95
310 10 97
310 20 100
310 30 100
310 40 100
310 50 100
310 60 100
310 70 100
310 80 100
310 90 100
310 100 95
310 110 98
310 120 67
310 130 44
310 140 29
310 150 16
320 0 95
320 10 97
320 20 100
320 30 100
320 40 100
320 50 100
320 60 100
320 70 100
320 80 90
320 90 88
320 100 100
320 110 89
320 120 71
320 130 57
320 140 29
320 150 11
330 0 97
330 10 94
330 20 100
330 30 100
330 40 100
330 50 100
330 60 100
330 70 95
330 80 73
330 90 62
330 100 84
330 110 74
330 120 73
330 130 48
330 140 31
330 150 9
340 0 97
340 10 99
340 20 99
340 30 100
340 40 100
340 50 100
340 60 100
340 70 88
340 80 84
340 90 77
340 100 67
340 110 84
340 120 69
340 130 45
340 140 10
340 150 25
350 0 98
350 10 99
350 20 100
350 30 100
350 40 100
350 50 100
350 60 100
350 70 100
350 80 100
350 90 98
350 100 90
350 110 81
350 120 59
350 130 50
350 140 13
350 150 31
